,0_deg,60_deg,90_deg,180_deg,240_deg,labels
0,0.4451513698524654,0.4563530866669316,0.005310688711429812,0.4411404150369299,0.26375752162946137,R
1,0.18577648490822882,0.3913141803794095,0.47770274676991165,0.3870094968526518,0.008690858222812268,R
2,0.2810699261543354,0.2895731511704238,0.18058955348576394,0.5314843679657588,0.06091229997241268,R
3,0.014356450102733535,0.5211106715418441,0.560929917681757,0.5704553823779591,0.32922863952731996,R
4,0.9610899840942697,0.49547825123768796,0.9389928009093655,0.8559804073904413,0.8648622037125466,M
5,0.43628870604085135,0.5637956669598178,0.5154772622957643,0.3248735696566202,0.35502430072393093,R
6,0.5376674624641867,0.8448063097063065,0.6976425696471846,0.6466468756188662,0.9067399273300676,M
7,0.9405448088985986,0.8855128251036404,0.7735719845774202,0.6237602092850998,0.7364566241494845,M
8,0.628233489465759,0.4721676331656489,0.47638958911548374,0.879255123663454,0.5428219205179665,M
9,0.3754472794144134,0.04258174862041797,0.4968069721364558,0.21403476703693258,0.21571794737635547,R
10,0.4541221786389335,0.8592794784152449,0.4175190767327502,0.8147455611397042,0.9219991982940321,M
11,0.5118228292219562,0.4402136123993638,0.7222666192654799,0.7122269357088706,0.5141921643837888,M
12,0.048636571589224964,0.1627736730571462,0.32954190072512735,0.32045767527705765,0.5214189962273292,R
13,0.5056523111437212,0.7635952690534571,0.45284233256324874,0.5363635584624613,0.8600864991894476,M
14,0.039050843634713575,0.3995596813068048,0.04901132615709361,0.4517347360377142,0.42393393308960414,R
15,0.2113943693768274,0.4002907832585767,0.06499984145694379,0.5724757256904703,0.34534637845449245,R
16,0.5946158031420172,0.8560286374176347,0.9152512870478495,0.9732400060692696,0.43873749177533417,M
17,0.1595131414221238,0.4485215755388105,0.41442479973203855,0.06421411998104112,0.05643336585422012,R
18,0.8012792157380085,0.7894222997199285,0.6074244530515707,0.7888078195557766,0.809476542974545,M
19,0.5360756555664541,0.1253588455738146,0.2558777206403766,0.35861135259362276,0.4975541749241924,R
20,0.8938694815062743,0.5722735908490828,0.6239514000814791,0.9900524435796723,0.8753407890473073,M
21,0.9392842171159257,0.9907286400963056,0.6091969475723351,0.7444011120898224,0.933328954901681,M
22,0.6634034166806587,0.8265493868091847,0.6752794600266722,0.5753588007414535,0.7559258319343604,M
23,0.010786641860040412,0.5023165007545501,0.38630018896921675,0.3768761307648012,0.07102645112867854,R
24,0.4290888433116419,0.673674185263875,0.7986501418757717,0.6204613441862634,0.8981043716129812,M
25,0.1506102304754965,0.1571771927366709,0.22701526109422127,0.16593680104489547,0.10591726978565194,R
26,0.5852151535171023,0.5658834488700948,0.6151527586192375,0.9818912769779689,0.6371284324642585,M
27,0.5184160922669165,0.05795492500825433,0.364545947397492,0.15298451582698283,0.4444262340918968,R
28,0.31507275206164964,0.5051219886755369,0.24902539436173554,0.518572056581929,0.04287138803167623,R
29,0.8784597933700933,0.9963263431569167,0.4561780174922399,0.6895959152730677,0.45887869294027933,M
30,0.0486887937217853,0.555341768989518,0.33059376278381986,0.20739167213735768,0.525081448371812,R
31,0.5463912105569795,0.39748453965355957,0.3783002766738497,0.32964720887939053,0.19890849466247704,R
32,0.46262242738096493,0.9340013791916768,0.5819720966333988,0.43666607641801064,0.477851705113864,M
33,0.475033236527747,0.2887089856388951,0.24530512177201297,0.2768750259051702,0.22165859755840647,R
34,0.9812270715511573,0.8756618651312621,0.7686529462122184,0.5544212583276084,0.6471745010002883,M
35,0.48914393454622324,0.4566235411212064,0.6216376824398724,0.6334521040814316,0.44861787502864475,M
36,0.10831580724332038,0.4322770508373407,0.15881489291684037,0.5627044209563808,0.23085761669459914,R
37,0.5765494352737444,0.42613090709784374,0.4738606292437268,0.7435514695812335,0.5080943109580105,M
38,0.440528922319994,0.06485542496373241,0.1694151904864387,0.06510057338018134,0.5525364070634002,R
39,0.02735521043082091,0.2890643264602916,0.06295279931093341,0.11601043583385583,0.11190257175639788,R
40,0.6645851600522963,0.5660627295448388,0.7891271285852594,0.8900711233295007,0.8676390898129032,M
41,0.08094779756446348,0.4782200879810589,0.38194396479906173,0.5511487482771237,0.4604822275420657,R
42,0.1876041727655452,0.07462118292744473,0.14398507639740554,0.36692052170452466,0.1379466164773933,R
43,0.9424776398192702,0.7435190515097849,0.9253132904368497,0.957629144814107,0.8538924285137456,M
44,0.4868306515256451,0.1723796628920627,0.13758012148877097,0.07748673110231247,0.26355301669333525,R
45,0.7305912469566135,0.48223488469670567,0.9371883141442385,0.589861366304787,0.5569439487368715,M
46,0.548904112562571,0.6001391909572873,0.6566824857055936,0.6814985104298479,0.7824703779556779,M
47,0.027872918208642912,0.11314041267885551,0.20652511026904427,0.007960760047209092,0.4964004875913273,R
48,0.4687458009766044,0.26755115609438873,0.5310728946226934,0.39595916612561505,0.3963462291158705,R
49,0.35977397896282104,0.5617076299013276,0.2009945392559387,0.18111319109968,0.10730931202575839,R
50,0.7270652294501001,0.49450714021612374,0.8722356895597674,0.8306245947100146,0.9091710116574803,M
51,0.49707101198245107,0.8947117747748146,0.5243004789216619,0.7099830830680115,0.422693809515085,M
52,0.019236777100539504,0.5323369014866841,0.4796720238929068,0.05612603717995088,0.5386083124060641,R
53,0.08502799055981462,0.38962939692510773,0.33453974397921066,0.2619494783836499,0.04027496159849697,R
54,0.6765557094666668,0.4365144753208029,0.9634776039517214,0.7468461620616706,0.5915795191875914,M
55,0.09878921499142564,0.11146193832141989,0.3916313941804238,0.012495460219930182,0.07761705355214042,R
56,0.4974617634984466,0.2893903820030598,0.18311340477147578,0.5565493559186272,0.4987246217648197,R

